//yt:neqGdK8qAxQ:0.5

var macarena2 = {
    duration: 177000,
    points: [0, 6, 8, 9, 10, 11, 12, 13, 177],
    startAt: 5500,
    keyframes: [
        {fn: 'init'},
        [598,437,156,426,437,156,512,411,401,519,401,411,426,437,156,598,437,156],
        [616,482,190,408,482,190,530,432,142,494,432,142,439,386,127,585,386,127],
        [575,335,103,449,335,103,478,423,141,546,423,141,388,516,224,636,516,224],
        [616,482,190,408,482,190,530,432,142,494,432,142,439,386,127,585,386,127],
        [575,335,103,449,335,103,478,423,141,546,423,141,388,516,224,636,516,224],
        [616,482,190,408,482,190,530,432,142,494,432,142,439,386,127,585,386,127],
        [575,335,103,449,335,103,478,423,141,546,423,141,388,516,224,636,516,224],
        {fn: 'init'}
    ]
};

var macarena = {
    duration: 177000,
    points: [0, 7, 8, 9, 11, 12, 13, 14, 16, 18, 20, 22, 24, 25, 26, 27, 28, 29, 30, 32, 33, 177],
    startAt: 0,
    keyframes: [
        {fn: 'init'},
        {pos: [598,437,156,426,437,156,512,323,304,512,323,304,426,437,156,598,437,156]},
        {pos: [598,414,138,425,408,135,512,323,304,512,323,304,426,414,138,599,408,135]},
        {pos: [598,437,156,426,437,156,512,323,304,512,323,304,426,437,156,598,437,156]},
        {pos: [631,508,219,391,519,223,540,425,144,479,437,147,444,349,113,573,357,111]},
        {pos: [576,350,112,447,358,113,480,425,144,541,437,147,390,508,220,629,518,221]},
        {pos: [631,508,219,391,519,223,540,425,144,479,437,147,444,349,113,573,357,111]},
        {pos: [576,350,112,447,358,113,480,425,144,541,437,147,390,508,220,629,518,221]},
        {pos: [696,449,235,553,401,134,625,447,170,626,440,162,550,444,142,696,462,229]},
        {pos: [501,449,142,347,469,208,421,446,163,421,439,155,346,462,217,501,438,136]},
        {pos: [696,449,235,553,401,134,625,447,170,626,440,162,550,444,142,696,462,229]},
        {pos: [501,449,142,347,469,208,421,446,163,421,439,155,346,462,217,501,438,136]},
        {fn: 'init'},
        {pos: [598,437,156,426,420,411,512,435,142,512,435,142,426,437,156,598,437,156]},
        {pos: [598,449,440,426,420,362,512,435,142,512,435,142,426,437,156,598,437,156]},
        {pos: [619,469,420,471,323,896,512,435,142,512,435,142,426,437,156,598,437,156]},
        {pos: [582,323,935,471,323,896,512,435,142,512,435,142,426,437,156,598,437,156]},
        {pos: [556,323,935,503,197,100,512,435,142,512,435,142,426,437,156,598,437,156]},
        {pos: [551,178,100,503,197,100,512,435,142,512,435,142,426,437,156,598,437,156]},
        {fn: 'init'},
        {pos: [598,437,156,426,437,156,498,265,595,492,226,556,426,437,156,598,437,156]},
        {fn: 'init'}
    ]
}

hex.Animation.reset();
hex.Animation.create().play(macarena);



